$GPGGA,135934.000,2431.0513,N,07345.0718,E,1,6,1.53,595.5,M,-52.2,M,,*78
$GPGSA,A,3,26,21,05,20,15,13,,,,,,,1.77,1.53,0.90*0B
$GPGSV,3,1,10,15,58,122,34,20,56,017,45,21,36,318,34,13,36,070,37*7C
$GPGSV,3,2,10,193,26,058,39,26,15,297,28,05,14,044,37,50,08,097,*40
$GPGSV,3,3,10,16,03,319,25,29,,,25*4C
$GPRMC,135934.000,A,2431.0513,N,07345.0718,E,0.00,197.22,300617,,,A*63

$GPGGA,135935.000,2431.0513,N,07345.0718,E,1,6,1.53,595.5,M,-52.2,M,,*79
$GPGSA,A,3,26,21,05,20,15,13,,,,,,,1.77,1.53,0.90*0B
$GPGSV,3,1,10,44,59,199,,15,58,122,34,20,56,017,45,21,36,318,34*75
$GPGSV,3,2,10,13,36,070,37,193,26,058,39,26,15,297,27,05,14,044,37*48
$GPGSV,3,3,10,16,03,319,25,29,,,25*4C
$GPRMC,135935.000,A,2431.0513,N,07345.0718,E,0.00,197.22,300617,,,A*62

$GPGGA,135936.000,2431.0513,N,07345.0718,E,1,6,1.53,595.5,M,-52.2,M,,*7A
$GPGSA,A,3,26,21,05,20,15,13,,,,,,,1.77,1.53,0.90*0B
$GPGSV,3,1,10,44,59,199,,15,58,122,34,20,56,017,45,21,36,318,34*75
$GPGSV,3,2,10,13,36,070,37,193,26,058,39,26,15,297,26,05,14,044,37*49
$GPGSV,3,3,10,16,03,319,25,29,,,25*4C
$GPRMC,135936.000,A,2431.0513,N,07345.0718,E,0.00,197.22,300617,,,A*61

$GPGGA,135937.000,2431.0513,N,07345.0718,E,1,6,1.53,595.5,M,-52.2,M,,*7B



https://www.google.co.in/maps/place/Techno+India+NJR+Institute+of+Technology/@24.5576464,73.6965402,